The selection of a VCT International initiator player should be sampled from the following probability distribution:
    "MrFaliN": 0.09876458957620964
    "Sacy": 0.09730546673346743
    "trent": 0.09281847131507052
    "stax": 0.08054160317230952
    "Kicks": 0.07953587184491766
    "Lakia": 0.06509670965644443
    "AAAAY": 0.06417121894823012
    "BeYN": 0.05830995118759448
    "Saadhak": 0.05706601870509248
    "f0rsakeN": 0.05282673677728596
    "lenne": 0.05017383439441528
    "cb": 0.04285607157176681
    "Crws": 0.0324580831121092
    "xeppaa": 0.027474576415093967
    "RieNs": 0.025283056774255283
    "crazyguy": 0.022148040542118025
    "carpe": 0.021492820116351095
    "Cloud": 0.021462689908430317
    "Shadow ": 0.010214189248837885