The selection of a VCT International flex player should be sampled from the following probability distribution:
    "f0rsakeN": 0.07419788226318959
    "Rb": 0.07387585958151403
    "Hiro  ": 0.07251241089993407
    "d4v41": 0.07010459439716682
    "suygetsu": 0.06786231959278226
    "Chronicle": 0.06780213000791106
    "artzin": 0.06460775502947068
    "Fit1nho": 0.061926815280992
    "Rossy": 0.048612482921086275
    "Deryeon": 0.047347124045591014
    "Alfajer": 0.04697848567980178
    "xand": 0.04682994963436334
    "Wild0reoo": 0.04115261189747501
    "Sayf": 0.03859576750829063
    "Wo0t": 0.02995633128519182
    "o0o0o": 0.028663263885245607
    "Knightt": 0.027118894586516423
    "something": 0.02190831233423905
    "Sheydos": 0.019772126516577736
    "Yuicaw": 0.01841655799935145
    "neth": 0.012788325035370253
    "runneR": 0.01052300274548989
    "nAts": 0.00844699687244881
    "heybay": 0.0