The selection of a VCT International sentinal player should be sampled from the following probability distribution:
    "Alfajer": 0.0398183255895742
    "s0m": 0.0396234922193013
    "Sayf": 0.038938959481133815
    "logaN": 0.03833035455639293
    "suygetsu": 0.03829933383451061
    "Meteor ": 0.0382773173964975
    "Spring": 0.03695908225090559
    "FengF": 0.03512089223031994
    "NDG": 0.034035144415149175
    "EIite": 0.033435404025821513
    "yetujey": 0.032962805071908886
    "Retla": 0.031649906390201696
    "Sheydos": 0.03135985465583425
    "Ezeir": 0.03110105385173817
    "tuyz": 0.030886651758580387
    "nAts": 0.03017182292448175
    "K4DAVRA": 0.029849197369208685
    "Abo": 0.028869809686046286
    "benjyfishy": 0.027620932231281526
    "Less": 0.026870543187657664
    "leaf": 0.02386421825030871
    "pANcada": 0.02378818093012057
    "Wailers": 0.022458851969318638
    "Lysoar": 0.021991861341045436
    "Medusa": 0.021323485304257296
    "yosemite": 0.02117088337749245
    "Moose": 0.020765071328798023
    "Destrian": 0.019668660729180342
    "Surf": 0.019574942962356002
    "johnqt": 0.018414874158113614
    "AAK": 0.01787435066875235
    "Demon1": 0.01777080306334709
    "aluba": 0.017350872624537314
    "wippie": 0.01678061547373843
    "Khalil": 0.014735837886420387
    "frz": 0.011502424423092229
    "Victor": 0.00990044499714658
    "Flashback": 0.004876735584712059
    "CHICHOO": 0.0020060018007166344